1.0000000000000000 -0.3750000000000000 -0.0000000000000042
0.9000000000000000 -0.3502232677260746 -0.0000000000003755
0.8000000000000000 -0.3259626105605074 -0.0000000000031732
0.7000000000000001 -0.3023507078263866 -0.0000000000000034
0.6000000000000001 -0.2795744422779121 -0.0000000000000146
0.5000000000000001 -0.2579092802557791 -0.0000000000002359
0.4000000000000001 -0.2377891330511419 -0.0000000000012681
0.3000000000000002 -0.2199826547141822 -0.0000000000004245
0.2500000000000000 -0.2124288387969028 -0.0000000000016336
0.2000000000000000 -0.2064182435998979 -0.0000000000003365
0.1500000000000000 -0.2020217285808653 -0.0000000000004195
0.1000000000000000 -0.1990542377920134 -0.0000000000003689
0.0500000000000000 -0.1973638150019397 -0.0000000000002569
0.0000000000000000 -0.1968246546939868 -0.0000000000003059
-0.0500000000000000 -0.1973319724264953 -0.0000000000011099
-0.1000000000000000 -0.1987981916505855 -0.0000000000009041
-0.1500000000000000 -0.2011501178995387 -0.0000000000005462
-0.2000000000000000 -0.2043268946304262 -0.0000000000010702
-0.2500000000000000 -0.2082786377377427 -0.0000000000019673
-0.3000000000000000 -0.2129657618724156 -0.0000000000017817
-0.3500000000000000 -0.2183592110866570 -0.0000000000003206
-0.4000000000000000 -0.2244423164028800 -0.0000000000013997
-0.4500000000000000 -0.2312169331825539 -0.0000000000013608
-0.5000000000000000 -0.2387324052546558 -0.0000000000007621
