0.0000000000000000 0.0000000000000000 -0.0000000000000000 0.0000000000000000
0.0100000000000000 0.0060000000000000 0.0000089990295328 0.0000000015295414
0.0200000000000000 0.0120000000000000 0.0000359844741504 0.0000000061143933
0.0300000000000000 0.0180000000000000 0.0000809214140253 0.0000000137432500
0.0400000000000000 0.0240000000000000 0.0001437516898521 0.0000000000013535
0.0500000000000000 0.0300000000000000 0.0002243939634243 0.0000000000021267
0.0600000000000000 0.0360000000000000 0.0003227438026209 0.0000000000030833
0.0700000000000000 0.0420000000000000 0.0004386737906707 0.0000000000042301
0.0800000000000000 0.0480000000000000 0.0005720336598973 0.0000000000055753
0.0900000000000000 0.0540000000000000 0.0007226504499884 0.0000000000071280
0.1000000000000000 0.0600000000000000 0.0008903286908945 0.0000000000088987
0.1100000000000000 0.0660000000000000 0.0010748506104726 0.0000000000108987
0.1200000000000000 0.0720000000000000 0.0012759763669951 0.0000000000131406
0.1300000000000000 0.0780000000000000 0.0014934443066526 0.0000000000156378
0.1400000000000000 0.0840000000000000 0.0017269712461864 0.0000000000184046
0.1500000000000000 0.0900000000000000 0.0019762527807854 0.0000000000214564
0.1600000000000000 0.0960000000000000 0.0022409636173854 0.0000000000248092
0.1700000000000000 0.1020000000000000 0.0025207579335026 0.0000000000284796
0.1800000000000000 0.1080000000000000 0.0028152697617276 0.0000000000324850
0.1900000000000000 0.1140000000000000 0.0031241133999988 0.0000000000368432
0.2000000000000000 0.1200000000000000 0.0034468838477566 0.0000000000415716
0.2100000000000000 0.1260000000000000 0.0037831572680665 0.0000000000466890
0.2200000000000000 0.1320000000000000 0.0041324914757767 0.0000000000522143
0.2300000000000000 0.1380000000000000 0.0044944264517515 0.0000000000581663
0.2400000000000000 0.1440000000000000 0.0048684848831937 0.0000000000645637
0.2500000000000000 0.1500000000000000 0.0052541727300348 0.0000000000714250
0.2600000000000000 0.1560000000000000 0.0056509798173368 0.0000000000787684
0.2700000000000000 0.1620000000000000 0.0060583804536059 0.0000000000866061
0.2800000000000000 0.1680000000000000 0.0064758340748745 0.0000000000949541
0.2900000000000000 0.1740000000000000 0.0069027859143564 0.0000000001038328
0.3000000000000000 0.1800000000000000 0.0073386676974271 0.0000000001132573
0.3100000000000000 0.1860000000000000 0.0077828983616220 0.0000000001232421
0.3200000000000000 0.1920000000000000 0.0082348848012830 0.0000000001338001
0.3300000000000000 0.1980000000000000 0.0086940226364159 0.0000000001449431
0.3400000000000000 0.2040000000000000 0.0091596970052543 0.0000000001566818
0.3500000000000000 0.2100000000000000 0.0096312833799462 0.0000000001690250
0.3600000000000000 0.2160000000000000 0.0101081484047073 0.0000000001819802
0.3700000000000000 0.2220000000000000 0.0105896507556995 0.0000000001955531
0.3800000000000000 0.2280000000000000 0.0110751420218139 0.0000000002097027
0.3900000000000000 0.2340000000000000 0.0115639676054465 0.0000000002244535
0.4000000000000000 0.2400000000000000 0.0120554676422713 0.0000000002398174
0.4100000000000000 0.2460000000000000 0.0125489779389210 0.0000000002557918
0.4200000000000000 0.2520000000000000 0.0130438309273970 0.0000000002723723
0.4300000000000000 0.2580000000000000 0.0135393566349360 0.0000000002895521
0.4400000000000000 0.2640000000000000 0.0140348836679684 0.0000000003073228
0.4500000000000000 0.2700000000000000 0.0145297402087108 0.0000000003256738
0.4600000000000000 0.2760000000000000 0.0150232550228434 0.0000000003445927
0.4700000000000000 0.2820000000000000 0.0155147584766310 0.0000000003640650
0.4800000000000000 0.2880000000000000 0.0160035835617593 0.0000000003840746
0.4900000000000000 0.2940000000000000 0.0164890669260709 0.0000000004046034
0.5000000000000000 0.3000000000000000 0.0169705499083015 0.0000000004255771
0.5100000000000000 0.3060000000000000 0.0174473795748408 0.0000000004468556
0.5200000000000000 0.3120000000000000 0.0179189097564621 0.0000000004685620
0.5300000000000000 0.3180000000000000 0.0183845020829027 0.0000000004906707
0.5400000000000000 0.3240000000000000 0.0188435270131051 0.0000000005131550
0.5500000000000000 0.3300000000000000 0.0192953648588782 0.0000000005358589
0.5600000000000001 0.3360000000000000 0.0197394067996841 0.0000000005586420
0.5700000000000001 0.3420000000000000 0.0201750558862136 0.0000000005816746
0.5800000000000000 0.3480000000000000 0.0206017280303800 0.0000000006049249
0.5900000000000000 0.3540000000000000 0.0210188529793342 0.0000000006283606
0.6000000000000000 0.3600000000000000 0.0214258752710884 0.0000000006519493
0.6100000000000000 0.3660000000000000 0.0218222551693273 0.0000000006756587
0.6200000000000000 0.3720000000000000 0.0222074695749915 0.0000000006994563
0.6300000000000000 0.3780000000000000 0.0225810129122286 0.0000000007233104
0.6400000000000000 0.3840000000000000 0.0229423979863335 0.0000000007469206
0.6500000000000000 0.3900000000000000 0.0232911568113343 0.0000000007702027
0.6600000000000000 0.3960000000000000 0.0236268414049253 0.0000000007934038
0.6700000000000000 0.4020000000000000 0.0239490245485080 0.0000000008164943
0.6800000000000000 0.4080000000000000 0.0242573005101659 0.0000000008394456
0.6900000000000001 0.4140000000000000 0.0245512857284807 0.0000000008622308
0.7000000000000001 0.4200000000000000 0.0248306194551861 0.0000000008848241
0.7100000000000000 0.4260000000000000 0.0250949643547556 0.0000000009072015
0.7200000000000000 0.4320000000000000 0.0253440070591310 0.0000000009293405
0.7300000000000000 0.4380000000000000 0.0255774586759179 0.0000000009512203
0.7400000000000000 0.4440000000000000 0.0257950552485058 0.0000000009728222
0.7500000000000000 0.4500000000000000 0.0259965581667025 0.0000000009941291
0.7600000000000000 0.4560000000000000 0.0261817545266266 0.0000000010151260
0.7700000000000000 0.4620000000000000 0.0263504574387446 0.0000000010357997
0.7800000000000000 0.4680000000000000 0.0265025062831078 0.0000000010561390
0.7900000000000000 0.4740000000000000 0.0266377669110017 0.0000000010759792
0.8000000000000000 0.4800000000000000 0.0267561317923937 0.0000000010945293
0.8100000000000001 0.4860000000000000 0.0268575201087374 0.0000000011126734
0.8200000000000001 0.4920000000000000 0.0269418777908669 0.0000000011304091
0.8300000000000001 0.4980000000000000 0.0270091775018942 0.0000000011477353
0.8400000000000000 0.5040000000000000 0.0270594185651988 0.0000000011646534
0.8500000000000000 0.5100000000000000 0.0270926268377796 0.0000000011811663
0.8600000000000000 0.5160000000000000 0.0271088545294152 0.0000000011972789
0.8700000000000000 0.5220000000000000 0.0271081799682548 0.0000000012129975
0.8800000000000000 0.5280000000000000 0.0270907073136328 0.0000000012283305
0.8900000000000000 0.5340000000000000 0.0270565662170694 0.0000000012432876
0.9000000000000000 0.5400000000000000 0.0270059114325822 0.0000000012578800
0.9100000000000000 0.5460000000000000 0.0269389223775915 0.0000000012721206
0.9200000000000000 0.5520000000000000 0.0268558026458505 0.0000000012860234
0.9300000000000000 0.5580000000000001 0.0267567794739789 0.0000000012996038
0.9400000000000001 0.5640000000000001 0.0266421031633095 0.0000000013128784
0.9500000000000001 0.5700000000000001 0.0265120464588858 0.0000000013258649
0.9600000000000000 0.5760000000000000 0.0263669038875657 0.0000000013385823
0.9700000000000000 0.5820000000000000 0.0262069910572928 0.0000000013500729
0.9800000000000000 0.5880000000000000 0.0260326439196962 0.0000000013606394
0.9900000000000000 0.5940000000000000 0.0258442179982621 0.0000000013709575
1.0000000000000000 0.6000000000000000 0.0256420875844021 0.0000000013810499
1.0100000000000000 0.6060000000000000 0.0254266449038029 0.0000000013909403
1.0200000000000000 0.6120000000000000 0.0251982992554999 0.0000000014006527
1.0300000000000000 0.6180000000000000 0.0249574761261577 0.0000000014102119
1.0400000000000000 0.6240000000000000 0.0247046162820740 0.0000000014196433
1.0500000000000000 0.6300000000000000 0.0244401748414443 0.0000000014289731
1.0600000000000001 0.6360000000000000 0.0241646203294346 0.0000000014380690
1.0700000000000001 0.6420000000000000 0.0238784337186117 0.0000000014452953
1.0800000000000001 0.6480000000000000 0.0235821074572675 0.0000000014524630
1.0900000000000001 0.6540000000000000 0.0232761444881587 0.0000000014595996
1.1000000000000001 0.6600000000000000 0.0229610572601503 0.0000000014667333
1.1100000000000001 0.6660000000000000 0.0226373667352184 0.0000000014738923
1.1200000000000001 0.6720000000000000 0.0223056013932183 0.0000000014811054
1.1300000000000001 0.6780000000000000 0.0219662962367739 0.0000000014884017
1.1400000000000001 0.6840000000000001 0.0216199917985828 0.0000000014958106
1.1500000000000001 0.6900000000000001 0.0212672331533649 0.0000000015033620
1.1599999999999999 0.6960000000000000 0.0209085689366103 0.0000000015110860
1.1699999999999999 0.7020000000000000 0.0205445503722047 0.0000000015184669
1.1799999999999999 0.7080000000000000 0.0201757303109266 0.0000000015245024
1.1899999999999999 0.7140000000000000 0.0198026622817273 0.0000000015307733
1.2000000000000000 0.7200000000000000 0.0194258995576113 0.0000000015373087
1.2100000000000000 0.7260000000000000 0.0190459942378453 0.0000000015441373
1.2200000000000000 0.7320000000000000 0.0186634963481276 0.0000000015512877
1.2300000000000000 0.7380000000000000 0.0182789529602535 0.0000000015587880
1.2400000000000000 0.7440000000000000 0.0178929073327157 0.0000000015666657
1.2500000000000000 0.7500000000000000 0.0175058980735799 0.0000000015749478
1.2600000000000000 0.7560000000000000 0.0171184583268779 0.0000000015836604
1.2700000000000000 0.7620000000000000 0.0167311149836636 0.0000000015928290
1.2800000000000000 0.7680000000000000 0.0163443879187791 0.0000000016024775
1.2900000000000000 0.7740000000000000 0.0159587892542829 0.0000000016126287
1.3000000000000000 0.7800000000000000 0.0155748226504002 0.0000000016233041
1.3100000000000001 0.7860000000000000 0.0151929826247588 0.0000000016345234
1.3200000000000001 0.7920000000000000 0.0148137539005875 0.0000000016463045
1.3300000000000001 0.7980000000000000 0.0144376107844666 0.0000000016586632
1.3400000000000001 0.8040000000000000 0.0140650165741316 0.0000000016716132
1.3500000000000001 0.8100000000000001 0.0136964229967524 0.0000000016851659
1.3600000000000001 0.8160000000000001 0.0133322696780301 0.0000000016993301
1.3700000000000001 0.8220000000000001 0.0129729836423773 0.0000000017141123
1.3800000000000001 0.8280000000000001 0.0126189788443740 0.0000000017295158
1.3900000000000001 0.8340000000000001 0.0122706557316237 0.0000000017455418
1.4000000000000001 0.8400000000000001 0.0119284008390655 0.0000000017594105
1.4099999999999999 0.8460000000000000 0.0115925864147366 0.0000000017709708
1.4199999999999999 0.8520000000000000 0.0112635700769192 0.0000000017830002
1.4299999999999999 0.8580000000000000 0.0109416945025481 0.0000000017954769
1.4399999999999999 0.8640000000000000 0.0106272871467038 0.0000000018083763
1.4500000000000000 0.8700000000000000 0.0103206599929638 0.0000000018216711
1.4600000000000000 0.8760000000000000 0.0100221093343378 0.0000000018353318
1.4700000000000000 0.8820000000000000 0.0097319155844686 0.0000000018493272
1.4800000000000000 0.8880000000000000 0.0094503431187370 0.0000000018636243
1.4900000000000000 0.8940000000000000 0.0091776401448729 0.0000000018781895
1.5000000000000000 0.8999999999999999 0.0089140386026338 0.0000000018929889
1.5100000000000000 0.9059999999999999 0.0086597540920828 0.0000000019079889
1.5200000000000000 0.9119999999999999 0.0084149858299605 0.0000000019231574
1.5300000000000000 0.9179999999999999 0.0081799166336215 0.0000000019384647
1.5400000000000000 0.9239999999999999 0.0079547129319714 0.0000000019538842
1.5500000000000000 0.9299999999999999 0.0077395248028214 0.0000000019693943
1.5600000000000001 0.9359999999999999 0.0075344860360456 0.0000000019849794
1.5700000000000001 0.9419999999999999 0.0073397142219102 0.0000000020006318
1.5800000000000001 0.9480000000000000 0.0071553108639169 0.0000000020163534
1.5900000000000001 0.9540000000000000 0.0069813615154851 0.0000000020321582
1.6000000000000001 0.9600000000000000 0.0068179359397797 0.0000000020442033
1.6100000000000001 0.9660000000000000 0.0066650882919700 0.0000000020544158
1.6200000000000001 0.9720000000000000 0.0065228573231908 0.0000000020644938
1.6300000000000001 0.9780000000000000 0.0063912666054615 0.0000000020744829
1.6400000000000001 0.9840000000000000 0.0062703247768007 0.0000000020844500
1.6500000000000001 0.9900000000000000 0.0061600258057631 0.0000000020944876
1.6600000000000001 0.9960000000000000 0.0060603492746094 0.0000000021047186
1.6699999999999999 1.0020000000000000 0.0059712606803082 0.0000000021153030
1.6799999999999999 1.0080000000000000 0.0058927117525565 0.0000000021264459
1.6899999999999999 1.0140000000000000 0.0058246407879931 0.0000000021384080
1.7000000000000000 1.0200000000000000 0.0057669729997699 0.0000000021515202
1.7100000000000000 1.0260000000000000 0.0057196208816338 0.0000000021662020
1.7200000000000000 1.0320000000000000 0.0056824845856640 0.0000000021829887
1.7300000000000000 1.0380000000000000 0.0056554523127997 0.0000000022025684
1.7400000000000000 1.0440000000000000 0.0056384007152846 0.0000000022103671
1.7500000000000000 1.0500000000000000 0.0056311953101488 0.0000000022070278
1.7600000000000000 1.0560000000000000 0.0056336909028394 0.0000000021965214
1.7700000000000000 1.0620000000000001 0.0056457320201089 0.0000000021760622
1.7800000000000000 1.0680000000000001 0.0056671533512609 0.0000000021498055
1.7900000000000000 1.0740000000000001 0.0056977801968537 0.0000000021113572
1.8000000000000000 1.0800000000000001 0.0057374289239559 0.0000000020726892
1.8100000000000001 1.0860000000000001 0.0057859074270474 0.0000000020220285
1.8200000000000001 1.0920000000000001 0.0058430155936602 0.0000000019591208
1.8300000000000001 1.0980000000000001 0.0059085457738510 0.0000000018780768
1.8400000000000001 1.1040000000000001 0.0059822832526026 0.0000000017984432
1.8500000000000001 1.1100000000000001 0.0060640067242535 0.0000000017085220
1.8600000000000001 1.1160000000000001 0.0061534887680588 0.0000000016155148
1.8700000000000001 1.1220000000000001 0.0062504963239942 0.0000000015258172
1.8800000000000001 1.1280000000000001 0.0063547911679214 0.0000000014293358
1.8900000000000001 1.1340000000000001 0.0064661303852429 0.0000000013301495
1.9000000000000001 1.1400000000000001 0.0065842668421879 0.0000000012309694
1.9100000000000001 1.1460000000000001 0.0067089496538800 0.0000000011252594
1.9199999999999999 1.1519999999999999 0.0068399246483567 0.0000000010177972
1.9299999999999999 1.1579999999999999 0.0069769348257247 0.0000000009192455
1.9399999999999999 1.1639999999999999 0.0071197208116548 0.0000000008312450
1.9500000000000000 1.1699999999999999 0.0072680213044396 0.0000000007522425
1.9600000000000000 1.1759999999999999 0.0074215735148614 0.0000000006810178
1.9700000000000000 1.1819999999999999 0.0075801135981382 0.0000000006165938
1.9800000000000000 1.1879999999999999 0.0077433770772461 0.0000000005581738
1.9900000000000000 1.1940000000000000 0.0079110992569387 0.0000000005042330
2.0000000000000000 1.2000000000000000 0.0080830156278190 0.0000000004541986
2.0100000000000002 1.2060000000000002 0.0082588622598430 0.0000000004089397
2.0200000000000000 1.2120000000000000 0.0084383761846751 0.0000000003679531
2.0300000000000002 1.2180000000000002 0.0086212957663401 0.0000000003308084
2.0400000000000000 1.2240000000000000 0.0088073610596590 0.0000000002971330
2.0499999999999998 1.2299999999999998 0.0089963141559883 0.0000000002666013
2.0600000000000001 1.2360000000000000 0.0091878995158203 0.0000000002389259
2.0699999999999998 1.2419999999999998 0.0093818642878419 0.0000000002138512
2.0800000000000001 1.2480000000000000 0.0095779586140872 0.0000000001911478
2.0899999999999999 1.2539999999999998 0.0097759359208602 0.0000000001706089
2.1000000000000001 1.2600000000000000 0.0099755531943216 0.0000000080612607
2.1099999999999999 1.2659999999999998 0.0101765712454812 0.0000000040268794
2.1200000000000001 1.2720000000000000 0.0103787549525474 0.0000000001200210
2.1299999999999999 1.2779999999999998 0.0105818734929808 0.0000000001061607
2.1400000000000001 1.2840000000000000 0.0107857005634901 0.0000000000937385
2.1499999999999999 1.2899999999999998 0.0109900145780196 0.0000000000826201
2.1600000000000001 1.2960000000000000 0.0111945988542263 0.0000000000726824
2.1699999999999999 1.3019999999999998 0.0113992417838453 0.0000000000638121
2.1800000000000002 1.3080000000000001 0.0116037369872272 0.0000000113463188
2.1899999999999999 1.3139999999999998 0.0118078834553733 0.0000000029083763
2.2000000000000002 1.3200000000000001 0.0120114856719524 0.0000000000426041
2.2100000000000000 1.3259999999999998 0.0122143537233494 0.0000000000370404
2.2200000000000002 1.3320000000000001 0.0124163033963180 0.0000000000320992
2.2300000000000000 1.3379999999999999 0.0126171562565832 0.0000000000277118
2.2400000000000002 1.3440000000000001 0.0128167397157950 0.0000000000238152
2.2500000000000000 1.3499999999999999 0.0130148870840402 0.0000000000203519
2.2600000000000002 1.3560000000000001 0.0132114376087558 0.0000000000172700
2.2700000000000000 1.3619999999999999 0.0134062365004042 0.0000000000145226
2.2800000000000002 1.3680000000000001 0.0135991349452922 0.0000000000120546
2.2900000000000000 1.3739999999999999 0.0137899901059443 0.0000000000098351
2.3000000000000003 1.3800000000000001 0.0139786651094623 0.0000000000078510
2.3100000000000001 1.3859999999999999 0.0141650290243243 0.0000000000060768
2.3199999999999998 1.3919999999999999 0.0143489568260969 0.0000000000044945
2.3300000000000001 1.3979999999999999 0.0145303293525498 0.0000000000030956
2.3399999999999999 1.4039999999999999 0.0147090332486788 0.0000000000018842
2.3500000000000001 1.4099999999999999 0.0148849609021557 0.0000000000008851
2.3599999999999999 1.4159999999999999 0.0150580103697340 0.0000000000001705
2.3700000000000001 1.4219999999999999 0.0152280852951504 0.0000000000001834
2.3799999999999999 1.4279999999999999 0.0153950948190673 0.0000000000009605
2.3900000000000001 1.4339999999999999 0.0155589534816079 0.0000000000021164
2.3999999999999999 1.4399999999999999 0.0157195811180378 0.0000000000036036
2.4100000000000001 1.4460000000000000 0.0158769027481506 0.0000000000054093
2.4199999999999999 1.4520000000000000 0.0160308484599113 0.0000000000075305
2.4300000000000002 1.4580000000000000 0.0161813532879118 0.0000000000099645
2.4399999999999999 1.4640000000000000 0.0163283570871888 0.0000000000126909
2.4500000000000002 1.4700000000000000 0.0164718044029465 0.0000000000156589
2.4600000000000000 1.4760000000000000 0.0166116443367238 0.0000000000188634
2.4700000000000002 1.4820000000000000 0.0167478304095329 0.0000000000222566
2.4800000000000000 1.4880000000000000 0.0168803204224887 0.0000000000257452
2.4900000000000002 1.4940000000000000 0.0170090763154391 0.0000000000292719
2.5000000000000000 1.5000000000000000 0.0171340640240879 0.0000000000327338
2.5100000000000002 1.5060000000000000 0.0172552533360973 0.0000000000360070
2.5200000000000000 1.5120000000000000 0.0173726177466348 0.0000000000388864
2.5300000000000002 1.5180000000000000 0.0174861343138177 0.0000000000412434
2.5400000000000000 1.5240000000000000 0.0175957835144937 0.0000000000429230
2.5500000000000003 1.5300000000000000 0.0177015491007746 0.0000000000437473
2.5600000000000001 1.5360000000000000 0.0178034179577268 0.0000000000435425
2.5699999999999998 1.5419999999999998 0.0179013799626024 0.0000000000421516
2.5800000000000001 1.5480000000000000 0.0179954278459759 0.0000000000393962
2.5899999999999999 1.5539999999999998 0.0180855570551330 0.0000000000352375
2.6000000000000001 1.5600000000000001 0.0181717656200385 0.0000000000296754
2.6099999999999999 1.5659999999999998 0.0182540540221902 0.0000000000229566
2.6200000000000001 1.5720000000000001 0.0183324250666479 0.0000000000154564
2.6299999999999999 1.5779999999999998 0.0184068837575028 0.0000000000078406
2.6400000000000001 1.5840000000000001 0.0184774371770375 0.0000000000014578
2.6499999999999999 1.5899999999999999 0.0185440943688024 0.0000000000023997
2.6600000000000001 1.5960000000000001 0.0186068662248179 0.0000000000121674
2.6699999999999999 1.6019999999999999 0.0186657653770902 0.0000000000278799
2.6800000000000002 1.6080000000000001 0.0187208060936091 0.0000000000495987
2.6899999999999999 1.6139999999999999 0.0187720041789775 0.0000000000775679
2.7000000000000002 1.6200000000000001 0.0188193768798034 0.0000000001120053
2.7100000000000000 1.6259999999999999 0.0188629427949648 0.0000000001530232
2.7200000000000002 1.6320000000000001 0.0189027217908427 0.0000000002005799
2.7300000000000000 1.6379999999999999 0.0189387349215952 0.0000000002544444
2.7400000000000002 1.6440000000000001 0.0189710043545323 0.0000000003141693
2.7500000000000000 1.6499999999999999 0.0189995533006300 0.0000000003790718
2.7600000000000002 1.6560000000000001 0.0190244059502094 0.0000000004473024
2.7700000000000000 1.6619999999999999 0.0190455874137863 0.0000000005179912
2.7800000000000002 1.6680000000000001 0.0190631236680838 0.0000000005889268
2.7900000000000000 1.6739999999999999 0.0190770415071844 0.0000000006587010
2.8000000000000003 1.6800000000000002 0.0190873684987825 0.0000000007259799
2.8100000000000001 1.6859999999999999 0.0190941329454846 0.0000000007888732
2.8199999999999998 1.6919999999999999 0.0190973638510907 0.0000000008454374
2.8300000000000001 1.6980000000000000 0.0190970908917773 0.0000000008937388
2.8399999999999999 1.7040000000000000 0.0190933443920887 0.0000000009319237
2.8500000000000001 1.7100000000000000 0.0190861553056319 0.0000000009582921
2.8599999999999999 1.7160000000000000 0.0190755552003593 0.0000000009713744
2.8700000000000001 1.7220000000000000 0.0190615762483107 0.0000000009700065
2.8799999999999999 1.7280000000000000 0.0190442512196756 0.0000000009534021
2.8900000000000001 1.7340000000000000 0.0190236134810294 0.0000000009212183
2.8999999999999999 1.7400000000000000 0.0189996969975828 0.0000000008736116
2.9100000000000001 1.7460000000000000 0.0189725363392787 0.0000000008112839
2.9199999999999999 1.7520000000000000 0.0189421666905601 0.0000000007355163
2.9300000000000002 1.7580000000000000 0.0189086238636257 0.0000000006473921
2.9399999999999999 1.7640000000000000 0.0188719443149799 0.0000000005497757
2.9500000000000002 1.7700000000000000 0.0188321651650809 0.0000000004458619
2.9600000000000000 1.7760000000000000 0.0187893242208797 0.0000000003405220
2.9700000000000002 1.7820000000000000 0.0187434600010391 0.0000000002381523
2.9800000000000000 1.7880000000000000 0.0186946117636172 0.0000000001438275
2.9900000000000002 1.7940000000000000 0.0186428195359905 0.0000000000639133
3.0000000000000000 1.7999999999999998 0.0185881241467935 0.0000000000085309
3.0100000000000002 1.8060000000000000 0.0185305672596411 0.0000000000221605
3.0200000000000000 1.8119999999999998 0.0184701914084021 0.0000000000890709
3.0300000000000002 1.8180000000000001 0.0184070400337847 0.0000000001799211
3.0400000000000000 1.8239999999999998 0.0183411575209962 0.0000000002868085
3.0500000000000003 1.8300000000000001 0.0182725892382338 0.0000000004037681
3.0600000000000001 1.8359999999999999 0.0182013815757642 0.0000000005253823
3.0700000000000003 1.8420000000000001 0.0181275819853488 0.0000000006464603
3.0800000000000001 1.8479999999999999 0.0180512390197686 0.0000000007619920
3.0899999999999999 1.8539999999999999 0.0179724023722073 0.0000000008672054
3.1000000000000001 1.8599999999999999 0.0178911229152470 0.0000000009576696
3.1099999999999999 1.8659999999999999 0.0178074527392371 0.0000000010294161
3.1200000000000001 1.8719999999999999 0.0177214451897949 0.0000000010776008
3.1299999999999999 1.8779999999999999 0.0176331549042026 0.0000000010998676
3.1400000000000001 1.8839999999999999 0.0175426378464643 0.0000000010956049
3.1499999999999999 1.8899999999999999 0.0174499513407955 0.0000000010641242
3.1600000000000001 1.8959999999999999 0.0173551541033175 0.0000000010057700
3.1699999999999999 1.9019999999999999 0.0172583062717355 0.0000000009219859
3.1800000000000002 1.9079999999999999 0.0171594694327872 0.0000000008153746
3.1899999999999999 1.9139999999999999 0.0170587066472496 0.0000000006897607
3.2000000000000002 1.9199999999999999 0.0169560824723044 0.0000000005502279
3.2100000000000000 1.9259999999999999 0.0168516629810645 0.0000000004030671
3.2200000000000002 1.9319999999999999 0.0167455157790757 0.0000000002575217
3.2300000000000000 1.9379999999999999 0.0166377100176146 0.0000000001249990
3.2400000000000002 1.9440000000000000 0.0165283164036113 0.0000000000237950
3.2500000000000000 1.9500000000000000 0.0164174072060390 0.0000000000298137
3.2600000000000002 1.9560000000000000 0.0163050562586181 0.0000000001514025
3.2700000000000000 1.9620000000000000 0.0161913389586957 0.0000000003323754
3.2800000000000002 1.9680000000000000 0.0160763322621719 0.0000000005627413
3.2900000000000000 1.9740000000000000 0.0159601146743550 0.0000000008362175
3.3000000000000003 1.9800000000000000 0.0158427662366405 0.0000000011472329
3.3100000000000001 1.9860000000000000 0.0157243685089198 0.0000000014901847
3.3200000000000003 1.9920000000000000 0.0156050045476387 0.0000000018592171
3.3300000000000001 1.9980000000000000 0.0154847588794367 0.0000000022421469
3.3399999999999999 2.0040000000000000 0.0153637174703128 0.0000000026356912
3.3500000000000001 2.0099999999999998 0.0152419676902762 0.0000000030336172
3.3599999999999999 2.0160000000000000 0.0151195982734543 0.0000000034292689
3.3700000000000001 2.0219999999999998 0.0149966992736419 0.0000000038161377
3.3799999999999999 2.0280000000000000 0.0148733620152942 0.0000000041879839
3.3900000000000001 2.0339999999999998 0.0147496790399733 0.0000000045389535
3.3999999999999999 2.0400000000000000 0.0146257440482778 0.0000000048636845
3.4100000000000001 2.0459999999999998 0.0145016518372962 0.0000000051573996
3.4199999999999999 2.0520000000000000 0.0143774982336367 0.0000000054159850
3.4300000000000002 2.0579999999999998 0.0142533800221048 0.0000000056360494
3.4399999999999999 2.0640000000000001 0.0141293948701068 0.0000000058149661
3.4500000000000002 2.0699999999999998 0.0140056412478779 0.0000000059508962
3.4600000000000000 2.0760000000000001 0.0138822183446387 0.0000000060419408
3.4700000000000002 2.0819999999999999 0.0137592259808038 0.0000000060825381
3.4800000000000000 2.0880000000000001 0.0136367645163734 0.0000000060737332
3.4900000000000002 2.0939999999999999 0.0135149347556533 0.0000000060144836
3.5000000000000000 2.1000000000000001 0.0133938378484589 0.0000000059142120
3.5100000000000002 2.1059999999999999 0.0132735751879710 0.0000000057614730
3.5200000000000000 2.1120000000000001 0.0131542483054208 0.0000000055471127
3.5300000000000002 2.1179999999999999 0.0130359587617921 0.0000000053015301
3.5400000000000000 2.1240000000000001 0.0129188080367378 0.0000000050289780
3.5500000000000003 2.1299999999999999 0.0128028974149173 0.0000000047203252
3.5600000000000001 2.1360000000000001 0.0126883278699693 0.0000000043980496
3.5700000000000003 2.1419999999999999 0.0125751999463416 0.0000000040669618
3.5800000000000001 2.1480000000000001 0.0124636136392093 0.0000000037316665
3.5899999999999999 2.1539999999999999 0.0123536682727149 0.0000000033964880
3.6000000000000001 2.1600000000000001 0.0122454623767736 0.0000000030547435
3.6099999999999999 2.1659999999999999 0.0121390935626911 0.0000000027189801
3.6200000000000001 2.1720000000000002 0.0120346583978431 0.0000000023967961
3.6299999999999999 2.1779999999999999 0.0119322522796743 0.0000000020907901
3.6400000000000001 2.1840000000000002 0.0118319693092733 0.0000000018030643
3.6499999999999999 2.1899999999999999 0.0117339021647854 0.0000000015352358
3.6600000000000001 2.1960000000000002 0.0116381419749247 0.0000000012884590
3.6699999999999999 2.2020000000000000 0.0115447781928506 0.0000000010582581
3.6800000000000002 2.2080000000000002 0.0114538984706715 0.0000000008459773
3.6899999999999999 2.2140000000000000 0.0113655885348401 0.0000000006600741
3.7000000000000002 2.2200000000000002 0.0112799320627045 0.0000000004994768
3.7100000000000000 2.2260000000000000 0.0111970105604744 0.0000000003629554
3.7200000000000002 2.2320000000000002 0.0111169032428648 0.0000000002492096
3.7300000000000000 2.2380000000000000 0.0110396869146717 0.0000000001569785
3.7400000000000002 2.2440000000000002 0.0109654358545348 0.0000000000852073
3.7500000000000000 2.2500000000000000 0.0108942217011376 0.0000000000334043
3.7600000000000002 2.2560000000000002 0.0108261133420877 0.0000000000030710
3.7700000000000000 2.2620000000000000 0.0107611768057221 0.0000000000129193
3.7800000000000002 2.2680000000000002 0.0106994751560683 0.0000000000433637
3.7900000000000000 2.2740000000000000 0.0106410683911936 0.0000000000791213
3.8000000000000003 2.2800000000000002 0.0105860133451644 0.0000000001160758
3.8100000000000001 2.2860000000000000 0.0105343635938312 0.0000000001517119
3.8200000000000003 2.2920000000000003 0.0104861693646487 0.0000000001844314
3.8300000000000001 2.2980000000000000 0.0104414774507320 0.0000000002131017
3.8399999999999999 2.3039999999999998 0.0104003311293420 0.0000000002366796
3.8500000000000001 2.3100000000000001 0.0103627700849843 0.0000000002541842
3.8599999999999999 2.3159999999999998 0.0103288303372980 0.0000000002641667
3.8700000000000001 2.3220000000000001 0.0102985441739004 0.0000000002652694
3.8799999999999999 2.3279999999999998 0.0102719400883458 0.0000000002570106
3.8900000000000001 2.3340000000000001 0.0102490427233443 0.0000000002384570
3.8999999999999999 2.3399999999999999 0.0102298728193803 0.0000000002090703
3.9100000000000001 2.3460000000000001 0.0102144471688557 0.0000000001702399
3.9199999999999999 2.3519999999999999 0.0102027785758758 0.0000000001232014
3.9300000000000002 2.3580000000000001 0.0101948758217837 0.0000000000711254
3.9399999999999999 2.3639999999999999 0.0101907436365369 0.0000000000214968
3.9500000000000002 2.3700000000000001 0.0101903826760122 0.0000000000074563
3.9600000000000000 2.3759999999999999 0.0101937895053090 0.0000000000740583
3.9700000000000002 2.3820000000000001 0.0102009565881137 0.0000000001985118
3.9800000000000000 2.3879999999999999 0.0102118722821739 0.0000000003886166
3.9900000000000002 2.3940000000000001 0.0102265208409204 0.0000000006569146
4.0000000000000000 2.3999999999999999 0.0102448824212626 0.0000000010185397
4.0099999999999998 2.4059999999999997 0.0102669330975721 0.0000000014906631
4.0200000000000005 2.4120000000000004 0.0102926448818558 0.0000000020921405
4.0300000000000002 2.4180000000000001 0.0103219857501088 0.0000000028431373
4.0400000000000000 2.4239999999999999 0.0103549196748264 0.0000000037623702
4.0499999999999998 2.4299999999999997 0.0103914066636391 0.0000000048548304
4.0600000000000005 2.4360000000000004 0.0104314028040271 0.0000000061488643
4.0700000000000003 2.4420000000000002 0.0104748603140555 0.0000000076609480
4.0800000000000001 2.4480000000000000 0.0105217275990598 0.0000000094047674
4.0899999999999999 2.4539999999999997 0.0105719493142026 0.0000000113900589
4.0999999999999996 2.4599999999999995 0.0106254664328056 0.0000000136179951
4.1100000000000003 2.4660000000000002 0.0106822163203554 0.0000000000028850
4.1200000000000001 2.4720000000000000 0.0107421328140621 0.0000000000033645
4.1299999999999999 2.4779999999999998 0.0108051463078525 0.0000000000038462
4.1399999999999997 2.4839999999999995 0.0108711838426489 0.0000000000043476
4.1500000000000004 2.4900000000000002 0.0109401692017921 0.0000000000048585
4.1600000000000001 2.4960000000000000 0.0110120230114468 0.0000000000053653
4.1699999999999999 2.5019999999999998 0.0110866628458191 0.0000000000058371
4.1799999999999997 2.5079999999999996 0.0111640033370076 0.0000000000061672
4.1900000000000004 2.5140000000000002 0.0112439562892985 0.0000000000064241
4.2000000000000002 2.5200000000000000 0.0113264307977050 0.0000000000065893
4.2100000000000000 2.5259999999999998 0.0114113333705468 0.0000000000066445
4.2199999999999998 2.5319999999999996 0.0114985680558497 0.0000000000065732
4.2300000000000004 2.5380000000000003 0.0115880365713458 0.0000000000063608
4.2400000000000002 2.5440000000000000 0.0116796384378394 0.0000000000059971
4.2500000000000000 2.5499999999999998 0.0117732711157027 0.0000000000054000
4.2599999999999998 2.5559999999999996 0.0118688301442551 0.0000000000046611
4.2700000000000005 2.5620000000000003 0.0119662092837751 0.0000000000038130
4.2800000000000002 2.5680000000000001 0.0120653006598892 0.0000000000028857
4.2900000000000000 2.5739999999999998 0.0121659949100754 0.0000000000019255
4.2999999999999998 2.5799999999999996 0.0122681813320159 0.0000000000010031
4.3100000000000005 2.5860000000000003 0.0123717480335298 0.0000000000002485
4.3200000000000003 2.5920000000000001 0.0124765820838133 0.0000000000001753
4.3300000000000001 2.5979999999999999 0.0125825696657124 0.0000000124176534
4.3399999999999999 2.6039999999999996 0.0126895962287496 0.0000000061136184
4.3500000000000005 2.6100000000000003 0.0127975466426294 0.0000000011462608
4.3600000000000003 2.6160000000000001 0.0129063053509434 0.0000000016283688
4.3700000000000001 2.6219999999999999 0.0130157565247948 0.0000000082054679
4.3799999999999999 2.6279999999999997 0.0131257842160618 0.0000000000117509
4.3899999999999997 2.6339999999999999 0.0132362725100534 0.0000000000148161
4.4000000000000004 2.6400000000000001 0.0133471056772113 0.0000000000180662
4.4100000000000001 2.6459999999999999 0.0134581683236802 0.0000000000214279
4.4199999999999999 2.6519999999999997 0.0135693455404128 0.0000000000248176
4.4299999999999997 2.6579999999999999 0.0136805230505707 0.0000000000281424
4.4400000000000004 2.6640000000000001 0.0137915873549609 0.0000000000312175
4.4500000000000002 2.6699999999999999 0.0139024258752541 0.0000000000339333
4.4600000000000000 2.6759999999999997 0.0140129270947377 0.0000000000362488
4.4699999999999998 2.6819999999999999 0.0141229806963645 0.0000000000380646
4.4800000000000004 2.6880000000000002 0.0142324776978649 0.0000000000392892
4.4900000000000002 2.6940000000000000 0.0143413105836953 0.0000000000398422
4.5000000000000000 2.6999999999999997 0.0144493734336094 0.0000000000396595
4.5099999999999998 2.7060000000000000 0.0145565620476425 0.0000000000385773
4.5200000000000005 2.7120000000000002 0.0146627740673110 0.0000000000367014
4.5300000000000002 2.7180000000000000 0.0147679090928386 0.0000000000340588
4.5400000000000000 2.7239999999999998 0.0148718687962306 0.0000000000305791
4.5499999999999998 2.7300000000000000 0.0149745570300285 0.0000000000265003
4.5600000000000005 2.7360000000000002 0.0150758799315871 0.0000000000219559
4.5700000000000003 2.7420000000000000 0.0151757460227290 0.0000000000171185
4.5800000000000001 2.7479999999999998 0.0152740663046407 0.0000000000122064
4.5899999999999999 2.7540000000000000 0.0153707543478887 0.0000000000074972
4.6000000000000005 2.7600000000000002 0.0154657263774432 0.0000000000033622
4.6100000000000003 2.7660000000000000 0.0155589013526108 0.0000000000004197
4.6200000000000001 2.7719999999999998 0.0156502010417892 0.0000000000013295
4.6299999999999999 2.7780000000000000 0.0157395500919677 0.0000000000052542
4.6399999999999997 2.7839999999999998 0.0158268760929123 0.0000000000106895
4.6500000000000004 2.7900000000000000 0.0159121096359839 0.0000000000172535
4.6600000000000001 2.7959999999999998 0.0159951843675500 0.0000000000246515
4.6699999999999999 2.8020000000000000 0.0160760370368954 0.0000000065189548
4.6799999999999997 2.8079999999999998 0.0161546075390372 0.0000000070347212
4.6900000000000004 2.8140000000000001 0.0162308389514514 0.0000000000488983
4.7000000000000002 2.8199999999999998 0.0163046775657310 0.0000000000566880
4.7100000000000000 2.8260000000000001 0.0163760729141443 0.0000000000638910
4.7199999999999998 2.8319999999999999 0.0164449777901951 0.0000000000702321
4.7300000000000004 2.8380000000000001 0.0165113482641787 0.0000000000754281
4.7400000000000002 2.8439999999999999 0.0165751436933738 0.0000000000793491
4.7500000000000000 2.8500000000000001 0.0166363267270046 0.0000000000818167
4.7599999999999998 2.8559999999999999 0.0166948633060445 0.0000000000827619
4.7700000000000005 2.8620000000000001 0.0167507226579453 0.0000000000821350
4.7800000000000002 2.8679999999999999 0.0168038772863836 0.0000000000797964
4.7900000000000000 2.8740000000000001 0.0168543029561247 0.0000000000758947
4.7999999999999998 2.8799999999999999 0.0169019786731151 0.0000000000706328
4.8100000000000005 2.8860000000000001 0.0169468866599189 0.0000000000641825
4.8200000000000003 2.8919999999999999 0.0169890123266250 0.0000000000567598
4.8300000000000001 2.8980000000000001 0.0170283442373566 0.0000000000486201
4.8399999999999999 2.9039999999999999 0.0170648740725227 0.0000000000400516
4.8500000000000005 2.9100000000000001 0.0170985965869564 0.0000000000313695
4.8600000000000003 2.9159999999999999 0.0171295095640920 0.0000000000229123
4.8700000000000001 2.9220000000000002 0.0171576137663377 0.0000000000150427
4.8799999999999999 2.9279999999999999 0.0171829128818060 0.0000000000081630
4.8899999999999997 2.9339999999999997 0.0172054134675681 0.0000000000027787
4.9000000000000004 2.9399999999999999 0.0172251248896025 0.0000000000000417
4.9100000000000001 2.9460000000000002 0.0172420592596139 0.0000000000032321
4.9199999999999999 2.9520000000000000 0.0172562313688980 0.0000000000086429
4.9299999999999997 2.9579999999999997 0.0172676586194344 0.0000000000153121
4.9400000000000004 2.9640000000000000 0.0172763609523900 0.0000000000227195
4.9500000000000002 2.9700000000000002 0.0172823607742173 0.0000000000304321
4.9600000000000000 2.9760000000000000 0.0172856828805362 0.0000000000381413
4.9699999999999998 2.9819999999999998 0.0172863543779849 0.0000000000455573
4.9800000000000004 2.9880000000000000 0.0172844046042304 0.0000000000524302
4.9900000000000002 2.9940000000000002 0.0172798650463266 0.0000000000585508
5.0000000000000000 3.0000000000000000 0.0172727692576108 0.0000000000637509
5.0099999999999998 3.0059999999999998 0.0172631527731707 0.0000000021579376
5.0200000000000005 3.0120000000000000 0.0172510530251559 0.0000000000709320
5.0300000000000002 3.0180000000000002 0.0172365092548689 0.0000000000727900
5.0400000000000000 3.0240000000000000 0.0172195624272405 0.0000000000734790
5.0499999999999998 3.0299999999999998 0.0172002551424561 0.0000000000730355
5.0600000000000005 3.0360000000000000 0.0171786315481641 0.0000000000715285
5.0700000000000003 3.0420000000000003 0.0171547372513663 0.0000000000690553
5.0800000000000001 3.0480000000000000 0.0171286192303180 0.0000000000657351
5.0899999999999999 3.0539999999999998 0.0171003257466164 0.0000000000617038
5.1000000000000005 3.0600000000000001 0.0170699062576447 0.0000000000571078
5.1100000000000003 3.0660000000000003 0.0170374113295429 0.0000000000520980
5.1200000000000001 3.0720000000000001 0.0170028925508654 0.0000000000467737
5.1299999999999999 3.0779999999999998 0.0169664024470879 0.0000000000412860
5.1399999999999997 3.0839999999999996 0.0169279943961174 0.0000000000358387
5.1500000000000004 3.0900000000000003 0.0168877225449553 0.0000000000305511
5.1600000000000001 3.0960000000000001 0.0168456417276604 0.0000000000255266
5.1699999999999999 3.1019999999999999 0.0168018073847512 0.0000000000208464
5.1799999999999997 3.1079999999999997 0.0167562754841822 0.0000000000165727
5.1900000000000004 3.1140000000000003 0.0167091024440244 0.0000000000127498
5.2000000000000002 3.1200000000000001 0.0166603450569716 0.0000000000094046
5.2100000000000000 3.1259999999999999 0.0166100604167922 0.0000000000065499
5.2199999999999998 3.1319999999999997 0.0165583058468331 0.0000000000041879
5.2300000000000004 3.1380000000000003 0.0165051388306849 0.0000000000023174
5.2400000000000002 3.1440000000000001 0.0164506169451007 0.0000000000009471
5.2500000000000000 3.1499999999999999 0.0163947977952632 0.0000000000001461
5.2599999999999998 3.1559999999999997 0.0163377389524795 0.0000000000005108
5.2700000000000005 3.1620000000000004 0.0162794978943827 0.0000000000014816
5.2800000000000002 3.1680000000000001 0.0162201319477063 0.0000000000027178
5.2900000000000000 3.1739999999999999 0.0161596982336934 0.0000000000041576
5.2999999999999998 3.1799999999999997 0.0160982536161938 0.0000000000057797
5.3100000000000005 3.1860000000000004 0.0160358546524925 0.0000000000076104
5.3200000000000003 3.1920000000000002 0.0159725575469096 0.0000000000097018
5.3300000000000001 3.1980000000000000 0.0159084181071981 0.0000000000121265
5.3399999999999999 3.2039999999999997 0.0158434917037622 0.0000000000149788
5.3500000000000005 3.2100000000000004 0.0157778332317089 0.0000000000183751
5.3600000000000003 3.2160000000000002 0.0157114970757366 0.0000000000224548
5.3700000000000001 3.2220000000000000 0.0156445370778574 0.0000000039695700
5.3799999999999999 3.2279999999999998 0.0155770065079541 0.0000000000333372
5.3899999999999997 3.2339999999999995 0.0155089580371095 0.0000000000405349
5.4000000000000004 3.2400000000000002 0.0154404437137541 0.0000000000492041
5.4100000000000001 3.2460000000000000 0.0153715149425228 0.0000000000595946
5.4199999999999999 3.2519999999999998 0.0153022224658207 0.0000000000719727
5.4299999999999997 3.2579999999999996 0.0152326163480346 0.0000000000866209
5.4400000000000004 3.2640000000000002 0.0151627459623317 0.0000000001038119
5.4500000000000002 3.2700000000000000 0.0150926599799810 0.0000000001233268
5.4600000000000000 3.2759999999999998 0.0150224063621237 0.0000000001444309
5.4699999999999998 3.2819999999999996 0.0149520323539146 0.0000000001678403
5.4800000000000004 3.2880000000000003 0.0148815844809460 0.0000000001934457
5.4900000000000002 3.2940000000000000 0.0148111085478641 0.0000000002201208
5.5000000000000000 3.2999999999999998 0.0147406496390763 0.0000000002484041
5.5099999999999998 3.3059999999999996 0.0146702521214490 0.0000000002778843
5.5200000000000005 3.3120000000000003 0.0145999596488828 0.0000000003080225
5.5300000000000002 3.3180000000000001 0.0145298151686525 0.0000000003381475
5.5400000000000000 3.3239999999999998 0.0144598609293937 0.0000000003674535
5.5499999999999998 3.3299999999999996 0.0143901384906100 0.0000000003923345
5.5600000000000005 3.3360000000000003 0.0143206887335776 0.0000000004136696
5.5700000000000003 3.3420000000000001 0.0142515518735139 0.0000000004306086
5.5800000000000001 3.3479999999999999 0.0141827674728800 0.0000000004405517
5.5899999999999999 3.3539999999999996 0.0141143744556793 0.0000000004425285
5.6000000000000005 3.3600000000000003 0.0140464111226174 0.0000000004369954
5.6100000000000003 3.3660000000000001 0.0139789151669836 0.0000000004232034
5.6200000000000001 3.3719999999999999 0.0139119236911140 0.0000000004006210
5.6299999999999999 3.3779999999999997 0.0138454732232986 0.0000000003683666
5.6399999999999997 3.3839999999999999 0.0137795997349911 0.0000000003254658
5.6500000000000004 3.3900000000000001 0.0137143386581821 0.0000000002751037
5.6600000000000001 3.3959999999999999 0.0136497249027658 0.0000000038331616
5.6699999999999999 3.4019999999999997 0.0135857928740007 0.0000000001588100
5.6799999999999997 3.4079999999999999 0.0135225764892142 0.0000000000985627
5.6900000000000004 3.4140000000000001 0.0134601091948149 0.0000000000435262
5.7000000000000002 3.4199999999999999 0.0133984239822885 0.0000000000042729
5.7100000000000000 3.4259999999999997 0.0133375534037689 0.0000000000245929
5.7199999999999998 3.4319999999999999 0.0132775295868263 0.0000000000891999
5.7300000000000004 3.4380000000000002 0.0132183842483872 0.0000000001827341
5.7400000000000002 3.4440000000000000 0.0131601487076775 0.0000000003011611
5.7500000000000000 3.4499999999999997 0.0131028538980788 0.0000000004417111
5.7599999999999998 3.4560000000000000 0.0130465303778003 0.0000000006013197
5.7700000000000005 3.4620000000000002 0.0129912083392680 0.0000000007758778
5.7800000000000002 3.4680000000000000 0.0129369176171446 0.0000000009630493
5.7900000000000000 3.4739999999999998 0.0128836876948971 0.0000000011588820
5.7999999999999998 3.4800000000000000 0.0128315477098354 0.0000000013588971
5.8100000000000005 3.4860000000000002 0.0127805264565555 0.0000000015578294
5.8200000000000003 3.4920000000000000 0.0127306523887250 0.0000000017470418
5.8300000000000001 3.4979999999999998 0.0126819536191563 0.0000000019240446
5.8399999999999999 3.5040000000000000 0.0126344579181243 0.0000000020792915
5.8500000000000005 3.5100000000000002 0.0125881927098863 0.0000000022051604
5.8600000000000003 3.5160000000000000 0.0125431850673780 0.0000000022915491
5.8700000000000001 3.5219999999999998 0.0124994617050597 0.0000000023437245
5.8799999999999999 3.5280000000000000 0.0124570489699000 0.0000000023583989
5.8899999999999997 3.5339999999999998 0.0124159728304082 0.0000000061371223
5.9000000000000004 3.5400000000000000 0.0123762588642923 0.0000000022669876
5.9100000000000001 3.5459999999999998 0.0123379322430246 0.0000000021600933
5.9199999999999999 3.5520000000000000 0.0123010177162122 0.0000000020134863
5.9299999999999997 3.5579999999999998 0.0122655395929176 0.0000000018298583
5.9400000000000004 3.5640000000000001 0.0122315217216907 0.0000000016135931
5.9500000000000002 3.5699999999999998 0.0121989874687750 0.0000000013708087
5.9600000000000000 3.5760000000000001 0.0121679596946207 0.0000000011094702
5.9699999999999998 3.5819999999999999 0.0121384607287569 0.0000000008370168
5.9800000000000004 3.5880000000000001 0.0121105123430862 0.0000000005695773
5.9900000000000002 3.5939999999999999 0.0120841357236704 0.0000000003229413
6.0000000000000000 3.5999999999999996 0.0120593514410811 0.0000000001202888
6.0099999999999998 3.6059999999999999 0.0120361794193971 0.0000000000103026
6.0200000000000005 3.6120000000000001 0.0120146389039358 0.0000000001399193
6.0300000000000002 3.6179999999999999 0.0119947484278101 0.0000000003724389
6.0400000000000000 3.6239999999999997 0.0119765257774099 0.0000000006737534
6.0499999999999998 3.6299999999999999 0.0119599879569097 0.0000000010269337
6.0600000000000005 3.6360000000000001 0.0119451511519101 0.0000000014179459
6.0700000000000003 3.6419999999999999 0.0119320306923240 0.0000000018294991
6.0800000000000001 3.6479999999999997 0.0119206410146243 0.0000000022483786
6.0899999999999999 3.6539999999999999 0.0119109956235691 0.0000000026624353
6.1000000000000005 3.6600000000000001 0.0119031070535287 0.0000000030586203
6.1100000000000003 3.6659999999999999 0.0118969868295374 0.0000000034244558
6.1200000000000001 3.6719999999999997 0.0118926454281973 0.0000000037483701
6.1299999999999999 3.6779999999999999 0.0118900922385623 0.0000000040203881
6.1400000000000006 3.6840000000000002 0.0118893355231327 0.0000000042201949
6.1500000000000004 3.6899999999999999 0.0118903823790926 0.0000000043414397
6.1600000000000001 3.6959999999999997 0.0118932386999200 0.0000000043851691
6.1699999999999999 3.7020000000000000 0.0118979091375040 0.0000000043528148
6.1799999999999997 3.7079999999999997 0.0119043970649006 0.0000000042449424
6.1900000000000004 3.7140000000000000 0.0119127045398589 0.0000000040644802
6.2000000000000002 3.7199999999999998 0.0119228322692487 0.0000000038161865
6.2100000000000000 3.7260000000000000 0.0119347795745210 0.0000000035041054
6.2199999999999998 3.7319999999999998 0.0119485443583276 0.0000000031423375
6.2300000000000004 3.7380000000000000 0.0119641230724279 0.0000000027418456
6.2400000000000002 3.7439999999999998 0.0119815106870075 0.0000000023152311
6.2500000000000000 3.7500000000000000 0.0120007006615290 0.0000000018774557
6.2599999999999998 3.7559999999999998 0.0120216849172358 0.0000000014435053
6.2700000000000005 3.7620000000000000 0.0120444538114234 0.0000000010292409
6.2800000000000002 3.7679999999999998 0.0120689961135904 0.0000000006516423
6.2900000000000000 3.7740000000000000 0.0120952989835792 0.0000000003299497
6.2999999999999998 3.7799999999999998 0.0121233479518079 0.0000000000900951
6.3100000000000005 3.7860000000000000 0.0121531269016967 0.0000000000274552
6.3200000000000003 3.7919999999999998 0.0121846180543817 0.0000000002142242
6.3300000000000001 3.7980000000000000 0.0122178019558067 0.0000000004895153
6.3399999999999999 3.8039999999999998 0.0122526574662799 0.0000000008175131
6.3500000000000005 3.8100000000000001 0.0122891617525733 0.0000000011765913
6.3600000000000003 3.8159999999999998 0.0123272902826407 0.0000000015499422
6.3700000000000001 3.8220000000000001 0.0123670168230213 0.0000000019230760
6.3799999999999999 3.8279999999999998 0.0124083134389931 0.0000000022830455
6.3900000000000006 3.8340000000000001 0.0124511504975307 0.0000000026189088
6.4000000000000004 3.8399999999999999 0.0124954966731188 0.0000000029214693
6.4100000000000001 3.8460000000000001 0.0125413189564637 0.0000000031832803
6.4199999999999999 3.8519999999999999 0.0125885826661410 0.0000000033986606
6.4299999999999997 3.8579999999999997 0.0126372514632082 0.0000000035636874
6.4400000000000004 3.8639999999999999 0.0126872873688071 0.0000000036761532
6.4500000000000002 3.8700000000000001 0.0127386507847699 0.0000000037354842
6.4600000000000000 3.8759999999999999 0.0127913005172414 0.0000000037426099
6.4699999999999998 3.8819999999999997 0.0128451938033166 0.0000000036973481
6.4800000000000004 3.8879999999999999 0.0129002863406903 0.0000000035973321
6.4900000000000002 3.8940000000000001 0.0129565323203069 0.0000000034562864
6.5000000000000000 3.8999999999999999 0.0130138844619894 0.0000000032797033
6.5099999999999998 3.9059999999999997 0.0130722940530230 0.0000000030735307
6.5200000000000005 3.9119999999999999 0.0131317109896585 0.0000000028439520
6.5300000000000002 3.9180000000000001 0.0131920838214952 0.0000000025971814
6.5400000000000000 3.9239999999999999 0.0132533597986947 0.0000000023392803
6.5499999999999998 3.9299999999999997 0.0133154849219722 0.0000000020760020
6.5600000000000005 3.9359999999999999 0.0133784039953012 0.0000000018126666
6.5700000000000003 3.9420000000000002 0.0134420606812656 0.0000000015540724
6.5800000000000001 3.9480000000000000 0.0135063975589809 0.0000000013044442
6.5899999999999999 3.9539999999999997 0.0135713561845054 0.0000000010674238
6.6000000000000005 3.9600000000000000 0.0136368771352613 0.0000000022342139
6.6100000000000003 3.9660000000000002 0.0137029001670939 0.0000000006431312
6.6200000000000001 3.9720000000000000 0.0137693640977060 0.0000000004608943
6.6299999999999999 3.9779999999999998 0.0138362070599615 0.0000000003015791
6.6400000000000006 3.9840000000000000 0.0139033664813461 0.0000000001679261
6.6500000000000004 3.9900000000000002 0.0139707791756258 0.0000000000644114
6.6600000000000001 3.9960000000000000 0.0140383814178628 0.0000000000027401
6.6699999999999999 4.0019999999999998 0.0141061090210456 0.0000000000443061
6.6799999999999997 4.0080000000000000 0.0141738974142046 0.0000000001369241
6.6900000000000004 4.0140000000000002 0.0142416817218726 0.0000000002590542
6.7000000000000002 4.0199999999999996 0.0143093968447515 0.0000000004059500
6.7100000000000000 4.0259999999999998 0.0143769775414389 0.0000000005761226
6.7199999999999998 4.0320000000000000 0.0144443585110665 0.0000000007697773
6.7300000000000004 4.0380000000000003 0.0145114744766997 0.0000000009882443
6.7400000000000002 4.0439999999999996 0.0145782602693425 0.0000000012336815
6.7500000000000000 4.0499999999999998 0.0146446509123929 0.0000000015088802
6.7599999999999998 4.0560000000000000 0.0147105817063892 0.0000000018170977
6.7700000000000005 4.0620000000000003 0.0147759883138873 0.0000000021619028
6.7800000000000002 4.0679999999999996 0.0148408068443069 0.0000000025470091
6.7900000000000000 4.0739999999999998 0.0149049739385858 0.0000000029760940
6.7999999999999998 4.0800000000000001 0.0149684268534782 0.0000000034462622
6.8100000000000005 4.0860000000000003 0.0150311035453340 0.0000000039592360
6.8200000000000003 4.0919999999999996 0.0150929427531985 0.0000000045203736
6.8300000000000001 4.0979999999999999 0.0151538840810681 0.0000000051294509
6.8399999999999999 4.1040000000000001 0.0152138680791437 0.0000000057337555
6.8500000000000005 4.1100000000000003 0.0152728363239218 0.0000000063609077
6.8600000000000003 4.1159999999999997 0.0153307314969658 0.0000000070091850
6.8700000000000001 4.1219999999999999 0.0153874974622043 0.0000000076724582
6.8799999999999999 4.1280000000000001 0.0154430793416021 0.0000000083402874
6.8900000000000006 4.1340000000000003 0.0154974235890577 0.0000000089999985
6.9000000000000004 4.1399999999999997 0.0155504780623798 0.0000000096365232
6.9100000000000001 4.1459999999999999 0.0156021920932024 0.0000000102000426
6.9199999999999999 4.1520000000000001 0.0156525165547011 0.0000000106702123
6.9299999999999997 4.1579999999999995 0.0157014039269775 0.0000000110525917
6.9400000000000004 4.1639999999999997 0.0157488083599848 0.0000000113264992
6.9500000000000002 4.1699999999999999 0.0157946857338706 0.0000000114712131
6.9600000000000000 4.1760000000000002 0.0158389937166218 0.0000000114667678
6.9699999999999998 4.1819999999999995 0.0158816918188985 0.0000000112949328
6.9800000000000004 4.1879999999999997 0.0159227414459533 0.0000000109403558
6.9900000000000002 4.1940000000000000 0.0159621059465361 0.0000000103919215
7.0000000000000000 4.2000000000000002 0.0159997506586940 0.0000000096085052
7.0099999999999998 4.2059999999999995 0.0160356429523781 0.0000000085993538
7.0200000000000005 4.2119999999999997 0.0160697522687825 0.0000000073947366
7.0300000000000002 4.2180000000000000 0.0161020501563411 0.0000000060591957
7.0400000000000000 4.2240000000000002 0.0161325103033213 0.0000000046357251
7.0499999999999998 4.2299999999999995 0.0161611085669562 0.0000000031860616
7.0600000000000005 4.2359999999999998 0.0161878229990682 0.0000000017998317
7.0700000000000003 4.2420000000000000 0.0162126338681420 0.0000000006201168
7.0800000000000001 4.2480000000000002 0.0162355236778158 0.0000000000621824
7.0899999999999999 4.2539999999999996 0.0162564771817633 0.0000000010299764
7.1000000000000005 4.2599999999999998 0.0162754813949505 0.0000000027472653
7.1100000000000003 4.2660000000000000 0.0162925256012587 0.0000000050799138
7.1200000000000001 4.2720000000000002 0.0163076013574700 0.0000000079753801
7.1299999999999999 4.2779999999999996 0.0163207024936242 0.0000000113464044
7.1400000000000006 4.2839999999999998 0.0163318251097590 0.0000000000100043
7.1500000000000004 4.2900000000000000 0.0163409675690619 0.0000000000079085
7.1600000000000001 4.2960000000000003 0.0163481304874482 0.0000000000107273
7.1699999999999999 4.3019999999999996 0.0163533167196232 0.0000000000164892
7.1799999999999997 4.3079999999999998 0.0163565313416573 0.0000000000246889
7.1900000000000004 4.3140000000000001 0.0163577816301330 0.0000000000352363
7.2000000000000002 4.3200000000000003 0.0163570770379208 0.0000000000480034
7.2100000000000000 4.3259999999999996 0.0163544291666517 0.0000000000626404
7.2199999999999998 4.3319999999999999 0.0163498517359570 0.0000000000789011
7.2300000000000004 4.3380000000000001 0.0163433605495570 0.0000000000963450
7.2400000000000002 4.3440000000000003 0.0163349734582826 0.0000000001144042
7.2500000000000000 4.3499999999999996 0.0163247103201220 0.0000000001324052
7.2599999999999998 4.3559999999999999 0.0163125929573912 0.0000000001495264
7.2700000000000005 4.3620000000000001 0.0162986451111292 0.0000000001643923
7.2800000000000002 4.3680000000000003 0.0162828923928281 0.0000000001767271
7.2900000000000000 4.3739999999999997 0.0162653622336112 0.0000000001856266
7.2999999999999998 4.3799999999999999 0.0162460838309761 0.0000000001899009
7.3100000000000005 4.3860000000000001 0.0162250880932260 0.0000000001890705
7.3200000000000003 4.3920000000000003 0.0162024075817162 0.0000000001826656
7.3300000000000001 4.3979999999999997 0.0161780764510443 0.0000000001706124
7.3399999999999999 4.4039999999999999 0.0161521303873195 0.0000000001530945
7.3500000000000005 4.4100000000000001 0.0161246065446467 0.0000000001307513
7.3600000000000003 4.4160000000000004 0.0160955434799642 0.0000000001047169
7.3700000000000001 4.4219999999999997 0.0160649810863753 0.0000000116704516
7.3799999999999999 4.4279999999999999 0.0160329605251362 0.0000000063593934
7.3900000000000006 4.4340000000000002 0.0159995241563943 0.0000000020888171
7.4000000000000004 4.4400000000000004 0.0159647154688944 0.0000000001468232
7.4100000000000001 4.4459999999999997 0.0159285790087467 0.0000000032029847
7.4199999999999999 4.4520000000000000 0.0158911603074269 0.0000000083192667
7.4299999999999997 4.4579999999999993 0.0158525058091533 0.0000000148458505
7.4400000000000004 4.4640000000000004 0.0158126627977891 0.0000000002184422
7.4500000000000002 4.4699999999999998 0.0157716793234208 0.0000000002891310
7.4600000000000000 4.4760000000000000 0.0157296041287551 0.0000000003637058
7.4699999999999998 4.4819999999999993 0.0156864865754851 0.0000000004390888
7.4800000000000004 4.4880000000000004 0.0156423765707692 0.0000000005113995
7.4900000000000002 4.4939999999999998 0.0155973244939653 0.0000000005763917
7.5000000000000000 4.5000000000000000 0.0155513811237632 0.0000000006315606
7.5099999999999998 4.5059999999999993 0.0155045975658512 0.0000000006737305
7.5200000000000005 4.5120000000000005 0.0154570251812557 0.0000000007001371
7.5300000000000002 4.5179999999999998 0.0154087155154849 0.0000000007085966
7.5400000000000000 4.5240000000000000 0.0153597202286068 0.0000000006969054
7.5499999999999998 4.5299999999999994 0.0153100910263882 0.0000000006633982
7.5600000000000005 4.5360000000000005 0.0152598795926158 0.0000000006107952
7.5700000000000003 4.5419999999999998 0.0152091375227185 0.0000000005409865
7.5800000000000001 4.5480000000000000 0.0151579162588045 0.0000000004577525
7.5899999999999999 4.5539999999999994 0.0151062670262214 0.0000000003650062
7.6000000000000005 4.5600000000000005 0.0150542407717449 0.0000000002672482
7.6100000000000003 4.5659999999999998 0.0150018881034941 0.0000000001705888
7.6200000000000001 4.5720000000000001 0.0149492592326682 0.0000000000847147
7.6299999999999999 4.5779999999999994 0.0148964039171928 0.0000000000232716
7.6400000000000006 4.5840000000000005 0.0148433714073579 0.0000000000410030
7.6500000000000004 4.5899999999999999 0.0147902103935257 0.0000000001251764
7.6600000000000001 4.5960000000000001 0.0147369689559789 0.0000000002410698
7.6699999999999999 4.6019999999999994 0.0146836945169737 0.0000000003785098
7.6799999999999997 4.6079999999999997 0.0146304337950576 0.0000000005288875
7.6900000000000004 4.6139999999999999 0.0145772327616970 0.0000000087222842
7.7000000000000002 4.6200000000000001 0.0145241366002989 0.0000000034585341
7.7100000000000000 4.6259999999999994 0.0144711896675728 0.0000000010804854
7.7199999999999998 4.6319999999999997 0.0144184354573889 0.0000000045953247
7.7300000000000004 4.6379999999999999 0.0143659165670685 0.0000000102568986
7.7400000000000002 4.6440000000000001 0.0143136746661682 0.0000000012943542
7.7500000000000000 4.6499999999999995 0.0142617504677264 0.0000000013355228
7.7599999999999998 4.6559999999999997 0.0142101837020793 0.0000000013419692
7.7700000000000005 4.6619999999999999 0.0141590130931111 0.0000000013128986
7.7800000000000002 4.6680000000000001 0.0141082763370350 0.0000000012491646
7.7900000000000000 4.6739999999999995 0.0140580100836509 0.0000000011523433
7.7999999999999998 4.6799999999999997 0.0140082499200684 0.0000000010256211
7.8100000000000005 4.6859999999999999 0.0139590303568695 0.0000000008772797
7.8200000000000003 4.6920000000000002 0.0139103848166800 0.0000000007143835
7.8300000000000001 4.6979999999999995 0.0138623456251128 0.0000000005450938
7.8399999999999999 4.7039999999999997 0.0138149440040403 0.0000000003785429
7.8500000000000005 4.7100000000000000 0.0137682100671463 0.0000000002249176
7.8600000000000003 4.7160000000000002 0.0137221728177053 0.0000000000962414
7.8700000000000001 4.7219999999999995 0.0136768601485281 0.0000000000110154
7.8799999999999999 4.7279999999999998 0.0136322988440107 0.0000000000454618
7.8900000000000006 4.7340000000000000 0.0135885145842172 0.0000000001525751
7.9000000000000004 4.7400000000000002 0.0135455319509227 0.0000000002917093
7.9100000000000001 4.7459999999999996 0.0135033744355385 0.0000000004479725
7.9199999999999999 4.7519999999999998 0.0134620644488383 0.0000000006102908
7.9300000000000006 4.7580000000000000 0.0134216233323983 0.0000000007693169
7.9400000000000004 4.7640000000000002 0.0133820713716639 0.0000000009169396
7.9500000000000002 4.7699999999999996 0.0133434278105485 0.0000000010461824
7.9600000000000000 4.7759999999999998 0.0133057108674708 0.0000000011513874
7.9699999999999998 4.7820000000000000 0.0132689377527332 0.0000000012282924
7.9800000000000004 4.7880000000000003 0.0132331246871385 0.0000000012741043
7.9900000000000002 4.7939999999999996 0.0131982869217471 0.0000000012875179
8.0000000000000000 4.7999999999999998 0.0131644387586676 0.0000000012664163
8.0099999999999998 4.8060000000000000 0.0131315935727786 0.0000000012146769
8.0199999999999996 4.8119999999999994 0.0130997638342751 0.0000000144431642
8.0299999999999994 4.8179999999999996 0.0130689611319299 0.0000000095369594
8.0400000000000009 4.8240000000000007 0.0130391961969759 0.0000000053425817
8.0500000000000007 4.8300000000000001 0.0130104789274847 0.0000000021167283
8.0600000000000005 4.8360000000000003 0.0129828184131503 0.0000000007663602
8.0700000000000003 4.8419999999999996 0.0129562229603668 0.0000000028392775
8.0800000000000001 4.8479999999999999 0.0129307001174979 0.0000000062846324
8.0899999999999999 4.8540000000000001 0.0129062567002345 0.0000000107232282
8.0999999999999996 4.8599999999999994 0.0128828988169430 0.0000000001284925
8.1099999999999994 4.8659999999999997 0.0128606318938933 0.0000000000514425
8.1200000000000010 4.8720000000000008 0.0128394607002987 0.0000000000152554
8.1300000000000008 4.8780000000000001 0.0128193893730373 0.0000000000568222
8.1400000000000006 4.8840000000000003 0.0128004214409918 0.0000000001227419
8.1500000000000004 4.8899999999999997 0.0127825598489083 0.0000000001990437
8.1600000000000001 4.8959999999999999 0.0127658069806937 0.0000000002782178
8.1699999999999999 4.9020000000000001 0.0127501646820697 0.0000000003547737
8.1799999999999997 4.9079999999999995 0.0127356342825078 0.0000000004228862
8.1899999999999995 4.9139999999999997 0.0127222166163740 0.0000000004803230
8.1999999999999993 4.9199999999999990 0.0127099120432128 0.0000000005252407
8.2100000000000009 4.9260000000000002 0.0126987204671100 0.0000000005562699
8.2200000000000006 4.9320000000000004 0.0126886413550739 0.0000000005731101
8.2300000000000004 4.9379999999999997 0.0126796737543813 0.0000000005761075
8.2400000000000002 4.9440000000000000 0.0126718163088400 0.0000000005661482
8.2500000000000000 4.9500000000000002 0.0126650672739233 0.0000000005442841
8.2599999999999998 4.9559999999999995 0.0126594245307384 0.0000000005125810
8.2699999999999996 4.9619999999999997 0.0126548855987952 0.0000000004732649
8.2799999999999994 4.9679999999999991 0.0126514476475469 0.0000000004282596
8.2900000000000009 4.9740000000000002 0.0126491075066813 0.0000000003795542
8.3000000000000007 4.9800000000000004 0.0126478616751429 0.0000000003289902
8.3100000000000005 4.9859999999999998 0.0126477063288761 0.0000000002784715
8.3200000000000003 4.9920000000000000 0.0126486373272825 0.0000000002298733
8.3300000000000001 4.9980000000000002 0.0126506502183897 0.0000000001845541
