0.0000000000000000 -0.3183098861837881 0.0000000146091275
0.0100000000000000 -0.3193256267074047 0.0000000142373339
0.0200000000000000 -0.3203464122293456 0.0000000137002725
0.0300000000000000 -0.3213722244976361 0.0000000129937466
0.0400000000000000 -0.3224030456695622 0.0000000121174304
0.0500000000000000 -0.3234388583033191 0.0000000110759775
0.0600000000000000 -0.3244796453499819 0.0000000098804516
0.0700000000000000 -0.3255253901457847 0.0000000085502571
0.0800000000000000 -0.3265760764046983 0.0000000071159188
0.0900000000000000 -0.3276316882112929 0.0000000056234665
0.1000000000000000 -0.3286922100138764 0.0000000041423754
0.1100000000000000 -0.3297576266178976 0.0000000027800952
0.1200000000000000 -0.3308279231796056 0.0000000017547926
0.1300000000000000 -0.3319030851999542 0.0000000020739366
0.1400000000000000 -0.3329830985187454 0.0000000036278878
0.1500000000000000 -0.3340679493090026 0.0000000059751538
0.1600000000000000 -0.3351576240715649 0.0000000090912179
0.1700000000000000 -0.3362521096298979 0.0000000129869940
0.1800000000000000 -0.3373513931251416 0.0000000015482717
0.1900000000000000 -0.3384554620112049 0.0000000015179106
0.2000000000000000 -0.3395643040503717 0.0000000014829745
0.2100000000000000 -0.3406779073087782 0.0000000014438616
0.2200000000000000 -0.3417962601522332 0.0000000014009894
0.2300000000000000 -0.3429193512421892 0.0000000013547933
0.2400000000000000 -0.3440471695318842 0.0000000013057250
0.2500000000000000 -0.3451797042626565 0.0000000012542536
0.2600000000000000 -0.3463169449604245 0.0000000012008697
0.2700000000000000 -0.3474588814323291 0.0000000011460954
0.2800000000000000 -0.3486055037635334 0.0000000010905147
0.2900000000000000 -0.3497568023141792 0.0000000010349372
0.3000000000000000 -0.3509127677164943 0.0000000009812265
0.3100000000000000 -0.3520733908720485 0.0000000009290554
0.3200000000000000 -0.3532386629491583 0.0000000008787454
0.3300000000000000 -0.3544085753804336 0.0000000008289064
0.3400000000000000 -0.3555831198604649 0.0000000007814965
0.3500000000000000 -0.3567622883436550 0.0000000007375345
0.3600000000000000 -0.3579460730421837 0.0000000006973916
0.3700000000000000 -0.3591344664241131 0.0000000006613920
0.3800000000000000 -0.3603274612116241 0.0000000006275050
0.3900000000000000 -0.3615250503793914 0.0000000005984654
0.4000000000000000 -0.3627272271530887 0.0000000005743253
0.4100000000000000 -0.3639339850080270 0.0000000005549783
0.4200000000000000 -0.3651453176679263 0.0000000005401707
0.4300000000000000 -0.3663612191038179 0.0000000005294778
0.4400000000000000 -0.3675816835330785 0.0000000005222802
0.4500000000000000 -0.3688067054185976 0.0000000005177399
0.4600000000000000 -0.3700362794680759 0.0000000005147825
0.4700000000000000 -0.3712704006334592 0.0000000005120873
0.4800000000000000 -0.3725090641100461 0.0000000006619097
0.4900000000000000 -0.3737522653384768 0.0000000004999692
0.5000000000000000 -0.3750000000000000 0.0000000004870208
0.5100000000000000 -0.3762522640210216 0.0000000004671761
0.5200000000000000 -0.3775090535709376 0.0000000004386078
0.5300000000000000 -0.3787703650628504 0.0000000003999820
0.5400000000000000 -0.3800361951539767 0.0000000003508349
0.5500000000000000 -0.3813065407462008 0.0000000002926612
0.5600000000000001 -0.3825813989867817 0.0000000002312702
0.5700000000000000 -0.3838607672692146 0.0000000001835532
0.5800000000000000 -0.3851446432342521 0.0000000002283348
0.5900000000000000 -0.3864330247710901 0.0000000003472118
0.6000000000000000 -0.3877259100187209 0.0000000005408414
0.6100000000000000 -0.3890232973674639 0.0000000008196019
0.6200000000000000 -0.3903251854606722 0.0000000011935267
0.6300000000000000 -0.3916315731966306 0.0000000016692501
0.6400000000000000 -0.3929424597306445 0.0000000022467518
0.6500000000000000 -0.3942578444773333 0.0000000029153987
0.6600000000000000 -0.3955777271131302 0.0000000036491496
0.6700000000000000 -0.3969021075790069 0.0000000044013434
0.6800000000000000 -0.3982309860834233 0.0000000050996645
0.6899999999999999 -0.3995643631055217 0.0000000056426882
0.7000000000000000 -0.4009022393985714 0.0000000059005888
0.7100000000000000 -0.4022446159936820 0.0000000057246348
0.7200000000000000 -0.4035914942037951 0.0000000049736314
0.7300000000000000 -0.4049428756279749 0.0000000035738537
0.7400000000000000 -0.4062987621560112 0.0000000016577822
0.7500000000000000 -0.4076591559733568 0.0000000001534077
0.7600000000000000 -0.4090240595664177 0.0000000029794173
0.7700000000000000 -0.4103934757282228 0.0000000097521611
0.7800000000000000 -0.4117674075644978 0.0000000001017989
0.7900000000000000 -0.4131458585001387 0.0000000000887957
0.8000000000000000 -0.4145288322862279 0.0000000000749144
0.8100000000000001 -0.4159163330074568 0.0000000000652916
0.8200000000000000 -0.4173083650901319 0.0000000000644108
0.8300000000000000 -0.4187049333107484 0.0000000000757991
0.8400000000000000 -0.4201060428051913 0.0000000001031580
0.8500000000000000 -0.4215116990786134 0.0000000001448681
0.8600000000000000 -0.4229219080158805 0.0000000000437735
0.8700000000000000 -0.4243366758938896 0.0000000001849712
0.8800000000000000 -0.4257560093921074 0.0000000000903747
0.8900000000000000 -0.4271799156076409 0.0000000000770133
0.9000000000000000 -0.4286084020687196 0.0000000008316418
0.9100000000000000 -0.4300414767504345 0.0000000027210934
0.9200000000000000 -0.4314791480916311 0.0000000050008773
0.9300000000000000 -0.4329214250132868 0.0000000032761737
0.9399999999999999 -0.4343683169385673 0.0000000072981430
0.9500000000000000 -0.4358198338147657 0.0000000000169453
0.9600000000000000 -0.4372759861373672 0.0000000001149322
0.9700000000000000 -0.4387367849766405 0.0000000000952603
0.9800000000000000 -0.4402022420070187 0.0000000068515863
0.9900000000000000 -0.4416723695398299 0.0000000001657910
# exact (-1/pi): 0.0 -0.318309886184
# exact (1/4-ln2): 1.0 -0.4431471805599453
