0.0000000000000000 -1.2732396724038457 0.0000008360995292
0.1000000000000000 -1.2484091709192193 0.0000000000121540
0.2000000000000000 -1.2239182347731754 0.0000000000115376
0.3000000000000000 -1.1997672962434354 0.0000000000090844
0.4000000000000000 -1.1759573024840659 0.0000000000082560
0.5000000000000000 -1.1524896104903029 0.0000000000034458
0.6000000000000001 -1.1293660233220479 0.0000000000084590
0.7000000000000001 -1.1065888477722987 0.0000000000072922
0.8000000000000000 -1.0841609875333424 0.0000000000096419
0.9000000000000000 -1.0620860800782121 0.0000000000063878
1.0000000000000000 -1.0403686533944372 0.0000000000043547
1.1000000000000001 -1.0190142408224385 0.0000000000097690
1.2000000000000002 -0.9980293861554900 0.0000000000037405
1.3000000000000000 -0.9774215033241374 0.0000000000044981
1.4000000000000001 -0.9571986005455085 0.0000000000012805
1.5000000000000000 -0.9373689124842913 0.0000000000055915
1.6000000000000001 -0.9179404964438546 0.0000000000019602
1.7000000000000002 -0.8989208437062540 0.0000000000033214
1.8000000000000000 -0.8803165430607641 0.0000000000073525
1.9000000000000001 -0.8621330174917168 0.0000000000053231
2.0000000000000000 -0.8443743411256489 0.0000000000025429
2.1000000000000001 -0.8270431335171408 0.0000000000011286
2.2000000000000002 -0.8101405222151064 0.0000000000008010
2.3000000000000003 -0.7936661615805501 0.0000000000007416
2.4000000000000004 -0.7776182951071696 0.0000000000083501
2.5000000000000000 -0.7619938491929149 0.0000000000040799
2.6000000000000001 -0.7467885477747518 0.0000000000018702
2.7000000000000002 -0.7319970390170184 0.0000000000071103
2.8000000000000003 -0.7176130270476276 0.0000000000032629
2.9000000000000004 -0.7036294034016268 0.0000000000015680
3.0000000000000000 -0.6900383742777750 0.0000000000008158
3.1000000000000001 -0.6768315809168155 0.0000000000004417
3.2000000000000002 -0.6640002113750063 0.0000000000002434
3.3000000000000003 -0.6515351027176572 0.0000000000001346
3.4000000000000004 -0.6394268332247445 0.0000000000000758
3.5000000000000000 -0.6276658046159140 0.0000000000001088
3.6000000000000001 -0.6162423145950880 0.0000000000025477
3.7000000000000002 -0.6051466202116823 0.0000000000000316
3.8000000000000003 -0.5943689926583969 0.0000000000000273
3.9000000000000004 -0.5838997641930281 0.0000000000000237
4.0000000000000000 -0.5737293678984493 0.0000000000000204
4.1000000000000005 -0.5638483709925185 0.0000000000000172
4.2000000000000002 -0.5542475023771525 0.0000000000000144
4.2999999999999998 -0.5449176750800612 0.0000000000000120
4.4000000000000004 -0.5358500041988262 0.0000000000000101
4.5000000000000000 -0.5270358209089119 0.0000000000066482
4.6000000000000005 -0.5184666830475732 0.0000000000040461
4.7000000000000002 -0.5101343827364041 0.0000000000023188
4.8000000000000007 -0.5020309514577430 0.0000000000036151
4.9000000000000004 -0.4941486629552002 0.0000000000025203
5.0000000000000000 -0.4864800342866576 0.0000000000022170
5.1000000000000005 -0.4790178253195120 0.0000000000000687
5.2000000000000002 -0.4717550369227347 0.0000000000000077
5.3000000000000007 -0.4646849080784732 0.0000000000075712
5.4000000000000004 -0.4578009121072931 0.0000000000031993
5.5000000000000000 -0.4510967521755675 0.0000000000005194
5.6000000000000005 -0.4445663562307548 0.0000000000007904
5.7000000000000002 -0.4382038714901375 0.0000000000029609
5.8000000000000007 -0.4320036585908028 0.0000000000054688
5.9000000000000004 -0.4259602854929872 0.0000000000064364
6.0000000000000000 -0.4200685212151835 0.0000000000044275
6.1000000000000005 -0.4143233294674140 0.0000000000087030
6.2000000000000002 -0.4087198622386026 0.0000000000059344
6.3000000000000007 -0.4032534533848879 0.0000000000038360
6.4000000000000004 -0.3979196122578211 0.0000000000023054
6.5000000000000000 -0.3927140174045655 0.0000000000012195
6.6000000000000005 -0.3876325103663221 0.0000000000002547
6.7000000000000002 -0.3826710895961297 0.0000000000000610
6.8000000000000007 -0.3778259045128372 0.0000000000003985
6.9000000000000004 -0.3730932497043163 0.0000000000006457
7.0000000000000000 -0.3684695592898082 0.0000000000092326
7.1000000000000005 -0.3639514014485881 0.0000000000078710
7.2000000000000002 -0.3595354731198524 0.0000000000064912
7.3000000000000007 -0.3552185948767967 0.0000000000051480
7.4000000000000004 -0.3509977059762364 0.0000000000038928
7.5000000000000000 -0.3468698595837746 0.0000000000027712
7.6000000000000005 -0.3428322181734003 0.0000000000018232
7.7000000000000002 -0.3388820490994841 0.0000000000010878
7.8000000000000007 -0.3350167203383898 0.0000000000006304
7.9000000000000004 -0.3312336963963223 0.0000000000007482
8.0000000000000000 -0.3275305343795557 0.0000000000010851
8.0999999999999996 -0.3239048802228199 0.0000000000014938
8.2000000000000011 -0.3203544650713470 0.0000000000019193
8.3000000000000007 -0.3168771018118816 0.0000000000023261
8.4000000000000004 -0.3134706817478221 0.0000000000026896
8.5000000000000000 -0.3101331714135864 0.0000000000029930
8.5999999999999996 -0.3068626095232571 0.0000000000032256
8.7000000000000011 -0.3036571040485713 0.0000000000033816
8.8000000000000007 -0.3005148294213535 0.0000000000034606
8.9000000000000004 -0.2974340238555535 0.0000000000034721
9.0000000000000000 -0.2944129867841356 0.0000000000034111
9.0999999999999996 -0.2914500764061649 0.0000000000032813
9.2000000000000011 -0.2885437073395480 0.0000000000030915
9.3000000000000007 -0.2856923483750115 0.0000000000028522
9.4000000000000004 -0.2828945203270299 0.0000000000025750
9.5000000000000000 -0.2801487939775533 0.0000000000022716
9.6000000000000014 -0.2774537881085203 0.0000000000019537
9.7000000000000011 -0.2748081676192901 0.0000000000016323
9.8000000000000007 -0.2722106417252604 0.0000000000013178
9.9000000000000004 -0.2696599622340900 0.0000000000010193
10.0000000000000000 -0.2671549218960768 0.0000000000038337
# exact (4/pi): 0.0 1.27323954474
