0.0000000000000000 -1.0000000000000000 0.0000000000000000
0.1000000000000000 -1.0025015664215839 0.0500627356032308
0.2000000000000000 -1.0100252539845789 0.1005076601845549
0.3000000000000000 -1.0226295149208584 0.1517472795309116
0.4000000000000000 -1.0404170862358302 0.2042621994407866
0.5000000000000000 -1.0635444099733720 0.2586579046113419
0.6000000000000001 -1.0922385835544974 0.3157644263041584
0.7000000000000001 -1.1268286675869730 0.3768399772165375
0.8000000000000000 -1.1678095085207263 0.4440748727981584
0.9000000000000000 -1.2160009141097237 0.5223060034268863
1.0000000000000000 -1.2732395447351623 0.6366197723675814
1.1000000000000001 -1.3428640227251263 0.7386647945721316
1.2000000000000002 -1.4196192748982295 0.7925720451344116
1.3000000000000000 -1.5008232436750171 0.8294568852054662
1.4000000000000001 -1.5851883000539768 0.8565647652653370
1.5000000000000000 -1.6719262215361950 0.8773282152447546
